1 2 14 6 4 12 
2 4 12 10 8 14 
3 9 0 8 12 14 
4 18 2 12 12 6 
5 24 6 2 6 4 
6 26 2 14 10 0 
7 32 10 10 0 4 
8 36 16 8 4 16 
9 41 16 8 14 4 
10 49 14 6 10 12 
11 63 12 10 8 16 
12 65 0 8 2 10 
13 78 0 14 16 14 
14 93 2 12 12 2 
15 94 4 2 0 6 
16 95 10 4 14 10 
17 98 8 2 10 14 
18 98 0 14 16 6 
19 107 10 10 6 0 
20 112 8 2 4 0 
21 112 10 10 16 4 
22 125 0 14 6 14 
23 133 4 2 8 10 
24 136 2 14 10 2 
25 141 10 10 2 2 
26 141 14 12 12 12 
27 143 2 14 6 8 
28 148 2 12 14 16 
29 150 16 12 16 0 
30 160 4 2 4 8 
31 161 16 12 12 4 
32 162 10 10 6 12 
33 166 14 12 14 14 
34 166 2 14 10 16 
35 167 12 10 16 16 
36 170 8 2 2 0 
37 173 10 4 6 6 
38 174 12 10 14 8 
39 187 0 14 0 0 
40 193 0 8 4 14 
41 194 16 12 2 4 
