1 1 16 2 16 12 
2 7 0 16 10 10 
3 11 12 2 4 14 
4 18 8 0 6 14 
5 22 16 2 2 6 
6 27 16 8 4 16 
7 41 14 16 16 10 
8 47 8 0 4 12 
9 47 12 2 8 6 
10 56 8 8 12 4 
11 58 14 16 0 6 
12 63 0 8 2 8 
13 70 2 4 6 2 
14 72 0 8 12 0 
15 83 2 4 14 4 
16 83 8 16 4 6 
17 85 14 14 6 12 
18 88 14 14 2 14 
19 89 16 0 4 10 
20 94 12 2 2 10 
21 95 8 16 8 10 
22 99 10 4 10 2 
23 102 16 0 8 12 
24 109 10 14 10 8 
25 109 14 16 0 4 
26 113 2 12 6 8 
27 121 12 2 14 10 
28 121 8 8 8 14 
29 122 14 14 10 16 
30 127 8 16 6 4 
31 128 14 14 14 8 
32 130 0 8 12 12 
33 132 12 2 12 10 
34 136 8 0 4 8 
35 136 8 16 2 2 
36 137 16 0 6 0 
