1 1 14 6 2 16
2 14 14 6 6 14
3 29 12 2 8 4
4 42 4 4 8 2
5 49 6 12 16 14
6 57 6 14 0 10
7 72 6 12 4 14
8 83 12 6 2 14
9 95 14 6 16 2
10 107 10 14 12 14
11 122 14 2 10 10
12 130 6 12 8 14
13 142 6 14 10 4
14 149 14 6 8 14
15 160 14 2 14 6
16 174 0 2 14 16
17 188 6 8 16 10
18 199 4 4 14 14
19 209 6 10 6 4
20 219 12 12 0 2
21 232 6 12 0 2
22 245 4 4 2 16
23 258 12 6 16 12
24 271 6 8 14 10
25 281 14 2 14 10
26 295 12 2 16 8
27 306 10 14 14 6
28 321 12 6 12 8
29 336 10 14 8 2
30 352 6 8 10 6
31 365 14 2 2 8
32 378 14 6 2 14
33 393 10 14 10 0
34 402 6 12 6 2
35 409 6 10 6 2
36 419 6 10 8 2
37 426 0 2 8 4
38 437 6 12 4 16
39 452 6 14 0 14
40 462 6 10 6 14
41 476 14 2 0 10
42 491 14 10 6 16
43 502 6 10 4 14
44 518 0 2 6 12
45 525 6 14 0 0
46 533 12 2 6 6
47 547 12 6 12 8
48 557 6 8 2 16
49 564 6 8 10 14
50 573 14 6 6 6
51 587 14 2 2 8
52 596 14 10 0 4
53 606 6 14 6 6
54 619 14 10 0 4
55 635 4 4 2 0
56 646 14 10 6 4
57 659 6 12 6 6
58 673 6 8 6 2
59 687 14 6 0 2
60 698 4 4 16 14
61 714 6 8 4 8
62 730 12 12 2 4
63 738 6 10 0 2
64 749 10 14 0 2
65 759 12 6 2 0
66 767 14 2 2 6
67 783 6 14 6 8
68 792 6 8 10 12
69 803 6 8 8 10
70 819 12 2 8 0
71 834 6 8 0 16
72 848 12 12 6 10
73 855 6 14 2 8
74 866 6 14 6 6
75 874 12 2 0 16
76 881 6 8 2 12
77 891 6 14 14 14
78 907 14 10 16 14
79 918 12 2 12 16
80 927 14 2 12 6
81 937 6 14 6 4
82 950 12 12 12 4
83 962 12 12 12 0
84 975 14 2 8 0
85 985 12 2 16 12
86 999 0 2 12 12
87 1011 12 12 8 10
88 1020 12 2 8 8
89 1029 6 12 14 6
90 1039 6 10 14 4
91 1048 14 6 8 8
92 1059 6 10 4 8
93 1074 6 12 0 0
94 1084 6 10 0 2
95 1098 6 12 0 4
96 1105 12 6 12 8
97 1118 6 14 10 6
98 1133 10 14 12 10
99 1146 6 8 14 12
100 1162 4 4 4 12
101 1172 14 2 10 16
102 1180 14 10 8 16
103 1190 6 12 2 12
104 1201 12 2 0 12
105 1208 4 4 6 10
106 1223 6 12 2 16
107 1238 14 2 0 12
108 1251 6 8 2 12
109 1265 14 2 14 12
110 1275 6 14 4 12
111 1287 14 6 4 14
112 1296 12 2 4 10
113 1307 12 6 2 10
114 1323 12 12 6 16
115 1333 14 6 12 0
116 1341 12 2 12 16
117 1357 10 14 8 4
118 1367 6 10 10 4
119 1382 14 10 4 4
120 1394 12 12 0 4
121 1405 12 12 14 8
122 1412 12 12 0 2
123 1425 6 10 10 12
124 1433 6 10 0 0
125 1443 6 8 4 0
126 1459 10 14 6 4
127 1471 14 6 6 8
128 1483 14 2 6 14
129 1497 12 6 14 4
130 1506 6 14 2 2
131 1514 12 12 2 4
132 1527 6 12 2 4
133 1543 14 6 4 6
134 1558 6 8 14 10
135 1568 6 8 14 0