1 0 8 12 8 10
2 9 2 0 8 12
3 23 10 16 10 10
4 39 8 8 16 16
5 50 10 16 12 16
6 59 0 16 12 16
7 71 12 10 10 10
8 85 10 16 16 12
9 92 4 10 10 12
10 106 4 10 12 0
11 121 0 2 8 0
12 129 12 6 8 0
13 144 10 16 4 0
14 158 8 12 0 2
15 174 14 10 0 4
16 189 10 16 6 4
17 201 8 8 4 2
18 208 0 16 0 4
19 216 8 12 6 16
20 226 12 6 14 6
21 237 8 12 6 2
22 249 2 0 0 16
23 257 2 0 0 14
24 266 14 10 2 14
25 275 0 16 14 16
26 290 12 6 4 10
27 303 12 6 4 10
28 315 12 10 6 2
29 324 8 8 2 10
30 338 8 12 6 12
31 347 14 10 14 16
32 355 2 0 10 6
33 368 4 10 2 10
34 379 8 8 4 0
35 389 12 10 2 6
36 405 0 16 16 0
37 417 14 10 10 0
38 425 4 10 8 4
39 440 10 16 12 2
40 449 8 8 10 16
41 464 0 16 16 8
42 475 0 2 12 6
43 483 4 10 12 8
44 493 0 16 16 0
45 509 12 10 2 10
46 523 2 0 4 6
47 535 10 16 2 2
48 545 12 6 14 10
49 559 12 10 12 14
50 568 8 8 14 10
51 577 0 16 14 16
52 587 10 16 4 4
53 598 12 10 2 6
54 608 12 6 0 8
55 617 8 8 6 4
56 633 8 12 10 8
57 646 10 16 10 6
58 655 0 2 10 14
59 665 2 0 8 14
60 681 14 10 8 12
61 689 2 0 4 4
62 699 12 6 6 2
63 711 2 0 10 16
64 721 0 16 4 4
65 735 0 16 8 16
66 743 8 12 16 12
67 756 8 12 16 12
68 765 2 0 2 14
69 779 0 2 0 4
70 794 10 16 4 0
71 808 10 16 0 8
72 818 12 10 2 12
73 833 8 12 0 16
74 842 2 0 6 16
75 851 12 10 6 8
76 866 8 12 2 8
77 877 0 16 10 12
78 886 8 12 16 16
79 895 2 0 4 12
80 909 12 10 6 14
81 918 10 16 4 10
82 930 14 10 2 2
83 942 0 16 6 8
84 952 2 0 6 8
85 962 0 16 16 8
86 976 0 2 12 12
87 984 10 16 12 14
88 995 0 16 4 6
89 1004 14 10 4 0
90 1016 8 12 2 4
91 1032 12 6 6 4
92 1041 4 10 4 8
93 1057 0 16 0 4
94 1065 8 12 6 6
95 1076 2 0 0 12
96 1092 12 10 4 14
97 1107 0 16 0 12
98 1115 4 10 8 12
99 1125 8 8 10 16
100 1137 8 8 14 16
101 1147 14 10 8 10
102 1158 0 2 12 16
103 1167 0 2 16 2
104 1182 2 0 14 8
105 1189 0 16 12 8
106 1197 10 16 14 0
107 1207 2 0 12 12
108 1221 4 10 16 14
109 1234 12 6 14 10
110 1249 8 12 14 16
111 1258 12 10 2 14
112 1272 0 16 2 10
113 1281 0 16 6 12
114 1289 8 8 6 10
115 1298 10 16 6 12
116 1312 2 0 4 0
117 1319 14 10 6 4
118 1330 2 0 6 14
119 1342 0 2 0 14
120 1350 12 10 0 10
121 1365 10 16 12 2
122 1375 12 6 8 6
123 1385 12 10 2 12
124 1401 2 0 16 12
125 1415 10 16 16 10
126 1424 2 0 10 14
127 1435 4 10 12 6
128 1449 10 16 2 16
129 1456 8 12 14 6
130 1463 8 12 2 14