1 0 12 4 14 8
2 10 10 10 12 2
3 19 16 0 8 4
4 29 4 6 10 4
5 43 10 8 16 6
6 57 14 0 16 6
7 73 4 6 6 2
8 85 10 10 6 4
9 99 4 10 0 2
10 108 14 0 6 6
11 119 12 2 4 8
12 126 16 0 4 6
13 133 12 4 0 0
14 140 8 12 4 8
15 156 16 0 6 6
16 169 16 12 6 0
17 177 12 4 0 4
18 188 16 8 4 4
19 199 10 8 14 10
20 214 16 0 8 14
21 228 14 0 14 16
22 243 12 4 10 10
23 250 12 2 8 14
24 263 14 0 10 14
25 276 16 8 14 14
26 286 16 12 8 14
27 293 10 10 16 16
28 304 14 0 12 12
29 318 12 2 12 10
30 328 12 4 8 16
31 344 10 10 14 16
32 358 8 12 14 16
33 367 4 6 4 16
34 383 4 10 4 16
35 391 4 10 2 10
36 403 4 6 2 16
37 412 8 10 2 16
38 422 16 12 0 16
39 430 14 0 6 10
40 440 16 12 2 4
41 453 8 12 4 0
42 462 4 14 2 8
43 469 10 8 0 4
44 482 10 8 2 4
45 491 12 2 6 8
46 507 14 0 4 2
47 519 4 14 2 8
48 531 14 0 0 2
49 541 4 10 2 8
50 555 4 14 2 14
51 566 16 0 0 12
52 578 4 10 6 14
53 589 12 2 4 12
54 603 14 0 8 0
55 612 16 12 14 2
56 624 16 8 14 2
57 637 8 10 8 8
58 653 16 0 16 4
59 661 16 0 12 2
60 674 16 12 10 4
61 683 10 10 16 6
62 696 12 2 6 10
63 704 10 10 6 16
64 711 16 12 2 16
65 721 8 12 4 14
66 737 16 0 6 12
67 744 4 10 6 16
68 753 8 12 0 14
69 769 4 14 2 12
70 784 10 10 16 6
71 800 12 2 8 6
72 816 16 8 10 0
73 829 4 14 2 8
74 840 4 6 2 8
75 849 8 12 6 0
76 862 4 6 0 4
77 873 14 0 16 14
78 884 12 2 16 8
79 891 8 10 14 6
80 905 4 6 8 16
81 921 10 10 12 16
82 932 8 12 12 12
83 939 4 10 8 10
84 947 12 2 8 12
85 961 4 14 10 16
86 975 4 6 16 14
87 984 14 0 14 16
88 995 8 10 10 14
89 1002 10 10 16 16
90 1016 8 12 2 2
91 1023 14 0 6 0
92 1033 12 4 6 0
93 1049 12 4 2 8
94 1060 16 12 2 2
95 1071 16 8 6 16
96 1086 4 10 6 16
97 1094 4 6 0 10
98 1101 4 6 0 14
99 1112 16 8 2 12
100 1125 16 0 0 16
101 1135 10 10 4 14
102 1150 16 12 4 10
103 1161 8 10 6 2
104 1175 14 0 0 8
105 1190 8 10 6 4
106 1205 16 8 6 6
107 1220 12 2 6 6
108 1233 10 8 14 12
109 1241 4 14 16 14
110 1249 8 10 12 16
111 1262 16 12 16 14
112 1270 12 4 16 14
113 1278 14 0 16 16
114 1292 12 4 12 12
115 1301 12 4 12 16
116 1313 12 4 16 10
117 1321 12 2 16 12
118 1334 10 8 14 10
119 1346 12 4 16 16
120 1356 16 12 10 14
121 1367 4 10 12 14
122 1381 16 12 10 14
123 1391 16 12 8 12
124 1402 4 6 14 10
125 1416 16 8 12 14
126 1429 12 4 8 14
127 1442 4 14 6 10
128 1451 14 0 4 14
129 1464 8 10 0 10
130 1474 10 8 0 4
131 1488 12 2 6 8
132 1498 16 0 6 2
133 1512 10 10 4 6
134 1525 10 10 6 0
135 1534 8 12 4 4
136 1542 16 12 6 4
137 1558 16 12 4 6
138 1570 16 0 2 0
139 1582 16 8 6 4
140 1591 14 0 6 6
141 1599 10 10 6 8
142 1607 4 14 0 8
143 1615 12 2 6 8
144 1624 16 8 4 2
145 1632 14 0 4 8