1 1 2 0 4 4
2 21 0 0 4 2
3 33 0 0 0 8
4 51 0 2 6 12
5 68 4 4 0 6
6 78 4 2 0 8
7 96 4 4 2 8
8 106 0 2 0 6
9 120 0 2 2 8
10 134 0 2 0 10
11 153 0 2 6 0
12 172 4 4 6 2
13 190 2 4 6 6
14 207 0 4 6 4
15 218 2 0 10 2
16 227 0 2 0 4
17 246 0 2 6 4
18 266 2 0 8 2
19 275 0 4 4 4
20 289 0 2 6 2
21 305 0 4 4 6
22 318 0 4 0 2
23 331 0 4 4 8
24 345 0 2 10 10
25 361 0 2 2 2
26 379 0 4 0 0
27 388 0 0 6 14
28 401 4 4 6 16
29 419 2 0 2 4
30 437 2 2 4 4
31 453 2 4 2 10
32 469 4 2 0 2
33 484 0 0 0 16
34 493 4 4 0 4
35 507 2 2 4 8
36 520 2 4 4 4
37 538 0 2 2 6
38 545 4 4 2 0
39 554 0 4 6 4
40 567 4 4 2 0
41 586 0 0 6 4
42 602 0 2 6 16
43 615 2 2 6 2
44 627 2 4 6 0
45 640 0 0 6 6
46 655 4 2 8 0
47 671 0 0 12 16
48 683 2 0 4 4
49 699 2 4 16 6
50 710 2 4 2 2
51 722 4 2 2 4
52 738 4 2 6 6
53 754 4 2 0 8
54 766 4 2 14 10
55 785 2 4 0 2
56 794 0 0 2 2
57 807 2 0 12 0
58 814 4 2 0 10
59 830 4 2 10 12
60 843 4 4 8 6
61 853 4 2 4 6
62 861 2 0 14 0
63 868 4 4 0 10
64 878 2 4 14 10
65 892 2 4 2 8
66 910 0 2 12 14
67 928 0 0 2 10
68 945 0 0 16 0
69 960 4 2 0 0
70 966 0 2 4 6
71 975 0 2 16 4
72 983 4 4 4 16
73 997 0 0 4 8
74 1013 0 4 4 6
75 1020 2 2 4 2
76 1035 2 4 0 2
77 1046 0 2 4 6
78 1061 2 2 4 12
79 1068 2 4 0 0
80 1079 4 2 12 4
81 1096 0 4 2 6
82 1102 2 4 0 14
83 1113 4 4 4 6
84 1129 0 4 4 16
85 1140 0 0 2 8
86 1148 4 2 16 4
87 1155 0 0 4 2
88 1172 4 2 0 4
89 1189 4 4 2 2
90 1195 2 2 8 16
91 1208 0 0 2 4
92 1224 2 2 0 2
93 1234 0 4 0 6
94 1240 4 2 14 2
95 1252 2 0 0 2
96 1262 0 4 2 8
97 1279 2 4 10 4
98 1296 2 2 0 4
99 1308 4 4 0 4
100 1319 2 2 10 0
101 1325 0 4 6 8
102 1341 2 2 6 6
103 1350 2 2 10 10
104 1361 2 0 2 6
105 1374 0 4 2 0
106 1384 2 0 0 4
107 1389 2 4 6 8
108 1395 4 2 16 8
109 1404 2 2 4 6
110 1420 4 2 4 8
111 1432 0 2 14 12
112 1442 0 4 12 8
113 1455 0 2 14 0
114 1463 2 0 4 4
115 1468 0 4 2 2
116 1478 2 4 0 6
117 1494 2 0 2 2
118 1502 2 0 0 8
119 1511 2 2 2 6
120 1522 2 2 10 14
121 1530 4 2 4 4
122 1535 2 4 4 8
123 1550 4 2 12 16
124 1554 0 2 8 10
125 1565 0 2 6 8
126 1579 0 0 4 4
127 1590 4 4 0 0
128 1606 0 4 8 14