1 6 12 12 10 4
2 20 12 14 0 0
3 36 12 14 14 14
4 58 10 14 2 6
5 86 10 14 10 0
6 102 12 14 0 2
7 132 16 6 0 4
8 154 16 4 8 6
9 164 16 10 16 6
10 194 0 8 0 14
11 206 10 14 16 2
12 220 16 6 8 8
13 238 10 14 10 2
14 258 12 16 14 6
15 282 16 4 4 12
16 296 10 14 4 4
17 314 10 14 8 12
18 326 16 10 12 2
19 348 10 14 12 14
20 374 12 8 2 2
21 384 10 14 14 8
22 396 16 10 12 12
23 410 16 10 10 6
24 426 12 16 14 2
25 448 12 8 0 10
26 476 12 8 6 14
27 488 10 14 8 6
28 510 12 8 16 4
29 526 12 12 14 6
30 538 16 4 8 0
31 568 0 8 2 0
32 594 12 16 6 4
33 614 12 12 8 14
34 630 12 12 10 14
35 658 16 10 16 2
36 670 10 14 8 6
37 698 12 16 8 8
38 718 16 6 14 12
39 734 12 12 12 4
40 750 0 8 2 4
41 760 12 8 2 8
42 774 12 8 6 10
43 800 0 8 14 6
44 816 16 10 14 16
45 836 16 4 10 16
46 864 12 16 0 6
47 880 12 12 0 10
48 900 10 14 10 0
49 928 12 12 4 10
50 950 10 14 2 0
51 966 0 8 12 2
52 982 10 14 16 0
53 992 12 14 14 14
54 1018 12 12 16 14
55 1036 12 14 16 16
56 1056 16 4 8 12
57 1078 16 6 2 0
58 1096 16 6 10 10
59 1124 12 12 16 10
60 1146 12 16 6 12
61 1174 12 14 0 8
62 1190 12 8 8 0
63 1216 10 14 2 6
64 1242 10 14 0 4
65 1266 12 16 2 6
66 1294 10 14 6 4
67 1322 12 8 12 16
68 1340 0 8 0 0
69 1364 16 4 0 14
70 1374 12 14 6 2
71 1384 16 6 4 16
72 1408 16 4 12 2
73 1422 0 8 0 0
74 1448 16 4 8 8
75 1464 10 14 16 6
76 1490 12 12 4 14
77 1520 12 8 8 2
78 1550 10 14 2 8
79 1578 12 8 0 2
80 1588 16 6 0 12
81 1610 12 12 6 0
82 1634 12 12 0 8
83 1644 12 14 14 6
84 1670 16 6 8 2
85 1682 12 8 14 2
86 1706 0 8 0 0
87 1716 16 10 10 12
88 1734 16 6 0 2
89 1762 0 8 0 12
90 1792 16 10 0 16
91 1804 16 6 4 6
92 1816 16 10 0 10
93 1838 16 6 2 16
94 1856 12 8 10 8
95 1866 12 12 0 8
96 1894 12 8 10 10
97 1904 12 12 16 16
98 1918 16 4 8 12
99 1942 12 14 14 8
100 1966 12 16 12 14
101 1996 12 14 16 6
102 2010 16 6 12 6
103 2036 12 12 0 6
104 2052 12 12 14 12
105 2074 12 8 2 8
106 2102 0 8 14 4
107 2122 12 16 4 8
108 2142 12 8 0 14
109 2156 12 16 12 10
110 2178 16 6 6 14
111 2204 12 14 8 8
112 2218 12 12 16 6
113 2238 16 10 12 8
114 2248 12 14 0 6
115 2268 16 4 10 2
116 2290 0 8 0 0
117 2312 16 4 8 16
118 2340 16 10 0 16
119 2352 12 14 4 0
120 2366 16 4 14 8
121 2392 16 4 6 2
122 2422 16 10 12 6
123 2438 12 14 6 4
124 2460 12 12 12 4
125 2488 12 14 14 10
126 2506 12 8 0 2
127 2528 12 8 10 14
128 2544 12 12 16 2
129 2560 10 14 14 14
130 2582 12 8 6 10
131 2606 12 14 0 0
132 2620 16 10 12 0
133 2646 12 16 6 6
134 2662 12 8 6 0
135 2688 16 6 10 2
136 2716 12 12 2 12
137 2738 12 14 14 6
138 2766 0 8 14 4
139 2778 16 4 14 8
140 2792 12 8 12 6
141 2810 12 14 12 10
142 2822 0 8 0 14
143 2846 16 10 8 12
144 2862 12 16 8 2
145 2880 12 16 0 6
146 2902 16 4 4 6