1 14 14 0 10 8 
2 14 6 16 2 16 
3 16 16 4 4 0 
4 24 6 16 14 8 
5 36 2 4 6 4 
6 40 0 4 4 16 
7 43 16 16 10 6 
8 49 6 16 12 6 
9 50 16 16 12 14 
10 56 8 16 16 12 
11 62 10 2 6 8 
12 68 8 14 14 2 
13 80 8 14 2 6 
14 80 12 8 8 6 
15 81 16 4 0 0 
16 85 6 14 12 12 
17 98 16 16 4 14 
18 100 10 2 14 16 
19 109 8 16 0 6 
20 114 16 16 16 0 
21 122 10 2 10 4 
22 122 0 2 0 14 
23 128 6 14 14 14 
24 128 0 4 8 8 
25 143 10 2 12 4 
26 147 8 16 14 10 
27 149 2 2 12 10 
28 154 0 4 10 14 
29 157 2 4 8 10 
30 168 12 8 2 10 
