1 2 16 2 8 16 
2 2 2 0 12 0 
3 4 0 0 4 10 
4 4 0 0 2 6 
5 19 8 0 6 14 
6 21 16 2 8 12 
7 32 14 4 16 16 
8 47 8 0 16 14 
9 56 6 4 10 16 
10 61 6 4 8 10 
11 66 16 0 0 4 
12 80 2 0 12 14 
13 84 12 2 12 6 
14 88 0 0 8 4 
15 97 2 0 6 8 
16 101 8 0 14 0 
17 115 12 2 0 8 
18 122 2 2 14 16 
19 122 2 2 4 16 
20 124 16 8 6 12 
21 129 8 0 6 10 
22 133 16 2 14 10 
23 133 16 2 16 12 
24 136 6 4 14 2 
25 142 2 2 12 4 
26 149 6 4 2 14 
27 150 2 2 12 12 
28 162 0 0 16 10 
29 168 14 4 0 14 
30 169 16 0 4 8 
31 174 2 2 8 14 
32 178 0 0 0 6 
33 179 8 0 6 0 
34 183 16 2 0 2 
35 184 16 0 4 4 
36 188 2 0 4 12 
37 191 8 0 0 10 
