1 2 0 0 10 14 
2 3 0 0 8 10 
3 12 0 8 16 10 
4 13 0 16 16 2 
5 17 8 8 14 6 
6 19 16 8 0 4 
7 19 16 0 0 12 
8 19 8 8 12 14 
9 25 8 8 14 2 
10 28 16 0 2 6 
11 39 16 8 4 14 
12 40 0 16 12 16 
13 41 0 16 2 10 
14 53 8 8 14 4 
15 59 16 16 2 4 
16 68 0 16 4 2 
17 76 16 8 6 6 
18 81 8 0 4 12 
19 96 0 0 6 8 
20 97 8 8 4 8 
21 97 8 16 12 4 
22 102 8 16 14 0 
23 104 0 8 14 16 
24 108 16 8 8 2 
25 112 16 8 10 8 
26 114 16 16 10 2 
27 119 16 0 12 12 
28 124 16 8 6 12 
29 135 8 8 16 12 
30 137 0 8 8 14 
