1 0 8 14 12 14
2 10 16 2 10 16
3 19 16 2 4 4
4 24 16 14 2 8
5 32 0 2 6 12
6 38 16 2 2 6
7 45 0 2 2 8
8 55 16 14 6 4
9 60 12 8 0 0
10 67 16 16 4 6
11 74 0 4 4 2
12 80 0 0 2 4
13 88 8 14 6 2
14 100 0 14 2 6
15 111 12 8 0 6
16 118 0 14 2 0
17 127 16 14 0 4
18 137 2 16 4 0
19 142 16 0 4 6
20 150 0 2 10 14
21 156 16 14 16 10
22 162 12 8 12 12
23 170 16 0 10 12
24 175 16 16 8 12
25 184 0 2 8 14
26 196 12 8 12 12
27 205 2 16 14 16
28 210 0 14 14 12
29 220 2 16 8 4
30 225 8 14 14 2
31 234 0 14 10 0
32 246 0 14 10 4
33 257 16 2 14 4
34 266 0 4 10 0
35 273 2 16 16 4
36 283 16 14 2 14
37 294 2 16 2 12
38 303 16 0 16 6
39 313 0 4 16 6
40 319 16 4 16 2
41 329 2 16 8 0
42 335 16 16 10 4
43 344 0 14 12 4
44 353 16 0 16 6
45 362 0 4 14 2
46 367 0 0 14 8
47 378 0 14 12 2
48 387 0 4 14 0
49 399 12 8 14 6
50 406 16 14 14 2
51 416 8 14 10 4
52 421 16 16 14 4
53 429 8 14 8 2
54 439 12 8 12 0
55 450 0 4 14 8
56 459 0 14 16 8
57 466 12 8 16 0
58 473 16 16 14 2
59 478 14 14 14 0
60 484 16 2 16 6
61 492 2 16 14 2
62 504 0 14 6 2
63 512 0 4 0 0
64 522 0 4 2 8
65 530 8 14 4 0
66 538 16 2 14 4
67 549 14 14 8 6
68 557 0 2 8 6
69 567 0 4 8 4
70 573 14 14 16 4
71 581 0 4 6 8
72 587 16 4 14 14
73 597 0 4 12 16
74 604 0 0 8 12
75 615 8 14 2 12
76 621 2 16 2 12
77 626 2 16 0 10
78 638 16 16 2 14
79 650 16 2 6 10
80 661 0 2 12 4
81 673 16 16 8 8
82 679 0 4 14 6
83 687 12 8 8 6
84 697 16 14 16 2
85 707 8 14 12 0
86 715 16 0 12 6
87 725 0 0 8 4
88 733 0 4 0 0
89 744 0 2 2 4
90 749 14 14 10 16
91 758 12 8 10 16
92 769 16 14 4 0
93 780 14 14 6 8
94 785 12 8 6 6
95 795 0 4 2 8
96 800 0 14 0 0
97 807 0 4 6 6
98 819 0 4 8 10
99 828 16 0 10 10
100 836 0 4 12 14
101 841 0 0 14 12
102 847 16 16 8 16
103 856 0 2 14 12
104 866 2 16 8 14
105 871 12 8 16 10
106 876 16 2 10 12
107 883 16 4 4 0
108 889 12 8 2 4
109 897 2 16 2 8
110 907 0 4 0 8
111 915 0 0 4 0
112 922 12 8 4 2
113 929 0 0 4 14
114 934 0 2 4 16
115 941 14 14 0 12
116 952 16 4 6 16
117 962 16 4 0 16
118 971 16 16 0 14
119 977 2 16 4 16
120 988 0 4 4 14
121 993 16 16 4 12
122 1001 16 4 6 10
123 1010 16 2 2 16
124 1021 0 0 2 10
125 1027 2 16 2 10
126 1033 14 14 6 14
127 1044 16 4 4 16
128 1049 8 14 6 12
129 1060 14 14 8 4
130 1070 0 14 12 4
131 1081 16 14 14 6
132 1090 16 2 16 6
133 1098 16 16 8 2
134 1105 2 16 12 6
135 1113 16 4 12 6
136 1120 0 14 12 6
137 1125 12 8 10 0
138 1137 0 0 12 0
139 1148 8 14 16 4
140 1153 8 14 14 4
141 1158 8 14 14 6
142 1169 0 14 10 0
143 1178 0 0 0 4
144 1183 2 16 2 0
145 1194 0 4 0 8
146 1199 14 14 4 4
147 1204 16 4 0 2
148 1209 0 0 0 4
149 1221 8 14 0 6
150 1232 0 2 0 8
151 1242 0 14 0 8
152 1252 2 16 4 0
153 1259 16 16 2 8
154 1269 0 14 0 4
155 1277 0 0 4 0
156 1285 0 4 2 8
157 1297 16 4 0 6
158 1303 8 14 2 0
159 1315 0 4 2 4
160 1324 2 16 4 4
161 1333 16 4 2 6
162 1343 16 0 4 6
163 1348 14 14 2 2
164 1357 0 0 4 2
165 1365 0 4 6 6
166 1370 16 16 0 2
167 1382 16 4 4 10
168 1393 0 2 0 16
169 1401 16 14 6 14
170 1412 0 14 2 10
171 1422 16 14 14 4
172 1430 16 16 6 16
173 1437 0 0 6 16
174 1442 2 16 0 14
175 1450 2 16 4 12
176 1458 16 4 6 16
177 1466 2 16 0 10
178 1472 12 8 2 12
179 1481 0 2 0 14
180 1486 0 14 0 16
181 1492 0 4 12 2
182 1504 0 0 8 0
183 1512 2 16 12 6
184 1524 16 14 12 0
185 1532 2 16 14 2
186 1544 16 2 12 8
187 1554 0 14 16 8
188 1564 16 16 8 4
189 1574 12 8 8 4
190 1580 0 14 16 2
191 1587 14 14 12 0
192 1596 16 4 14 2
193 1602 0 14 8 6
194 1614 16 0 8 6
195 1626 0 2 8 6
196 1633 14 14 14 0
197 1641 16 2 12 8
198 1653 0 2 8 8
199 1664 14 14 16 0
200 1669 2 16 16 2
201 1674 16 14 8 4
202 1683 12 8 16 8
203 1691 0 0 14 8
204 1698 0 14 8 0
205 1705 16 14 12 4
206 1712 16 2 14 2
207 1717 16 14 8 10
208 1726 16 14 16 12
209 1736 16 16 12 12
210 1745 0 14 14 6
211 1752 0 2 14 8
212 1763 12 8 14 8
213 1772 0 4 12 0
214 1781 16 14 16 4
215 1789 8 14 10 0
216 1798 16 16 8 8
217 1804 16 4 16 2
218 1812 16 2 14 0
219 1824 14 14 8 4
220 1833 2 16 8 2
221 1839 16 4 14 2
222 1846 16 16 12 0
223 1855 0 4 10 6
224 1861 16 4 4 12
225 1872 16 2 4 16
226 1878 16 4 12 12
227 1885 0 4 12 12
228 1893 12 8 0 0
229 1898 14 14 0 6
230 1909 16 2 6 2
231 1916 16 0 6 0
232 1921 16 16 4 6
233 1930 0 14 2 2
234 1940 8 14 4 2
235 1949 14 14 0 2
236 1958 8 14 0 2
237 1967 12 8 0 4