1 3 14 2 12 0 
2 4 16 0 4 10 
3 9 16 0 10 10 
4 12 0 8 10 16 
5 18 14 0 2 10 
6 25 16 0 4 4 
7 27 14 6 10 0 
8 33 12 12 10 12 
9 36 14 4 8 14 
10 40 14 6 2 6 
11 40 0 10 12 16 
12 45 0 12 2 12 
13 48 14 4 2 4 
14 52 0 14 10 8 
15 55 12 12 4 8 
16 59 14 6 4 12 
17 66 14 0 10 4 
18 68 0 10 16 14 
19 78 14 2 6 8 
20 91 0 10 8 8 
21 93 6 12 4 0 
22 96 12 12 14 8 
23 104 14 6 10 2 
24 109 14 0 8 4 
25 113 14 4 0 4 
26 119 14 2 8 16 
27 123 0 14 2 8 
28 130 0 14 14 10 
29 140 14 2 2 0 
30 143 16 4 8 2 
31 143 14 6 16 10 
32 146 14 4 0 6 
33 154 0 12 10 6 
34 169 14 4 14 16 
35 169 0 8 14 14 
36 169 0 12 12 10 
37 179 16 2 16 16 
38 194 0 8 12 14 
39 196 0 12 12 2 
40 207 16 2 6 6 
41 215 0 10 14 12 
42 217 0 14 16 6 
43 222 16 2 6 14 
44 227 12 12 16 8 
45 231 14 0 10 14 
46 239 14 6 4 16 
47 245 14 6 2 14 
48 247 16 4 6 4 
49 259 12 12 8 10 
50 267 0 8 4 14 
